packages/ctao-calibpipe/ctao_calibpipe-0.4.0rc3-py3-none-any.whl/calibpipe/tests/data/atmosphere/molecular_atmosphere/meteo_data_gdas.ecsv
# %ECSV 1.0
# ---
# datatype:
# - {name: Latitude, unit: deg, datatype: float64}
# - {name: Longitude, unit: deg, datatype: float64}
# - {name: Timestamp.year, datatype: int32}
# - {name: Timestamp.month, datatype: int32}
# - {name: Timestamp.day, datatype: int32}
# - {name: Timestamp.hour, datatype: int32}
# - {name: Timestamp.minute, datatype: int32}
# - {name: Timestamp.second, datatype: float64}
# - {name: Pressure, unit: hPa, datatype: float64}
# - {name: V component of wind, unit: m / s, datatype: float64}
# - {name: Geopotential Height, unit: gpm, datatype: float64}
# - {name: Temperature, unit: K, datatype: float64}
# - {name: Relative humidity, unit: '%', datatype: float64}
# - {name: Total Cloud Cover, unit: '%', datatype: float64}
# - {name: U component of wind, unit: m / s, datatype: float64}
# - {name: Altitude, unit: m, datatype: float64}
# - {name: Density, unit: 1 / cm3, datatype: float64}
# - {name: Exponential Density, unit: '', datatype: float64}
# - {name: Wind Speed, unit: m / s, datatype: float64}
# - {name: Wind Direction, unit: rad, datatype: float64}
# meta: !!omap
# - __serialized_columns__:
#     Timestamp:
#       __class__: astropy.time.core.Time
#       format: ymdhms
#       in_subfmt: '*'
#       out_subfmt: '*'
#       precision: 3
#       scale: utc
#       value: !astropy.table.SerializedColumn
#         __class__: astropy.table.column.Column
#         data: !astropy.table.SerializedColumn
#           day: !astropy.table.SerializedColumn {name: Timestamp.day}
#           hour: !astropy.table.SerializedColumn {name: Timestamp.hour}
#           minute: !astropy.table.SerializedColumn {name: Timestamp.minute}
#           month: !astropy.table.SerializedColumn {name: Timestamp.month}
#           second: !astropy.table.SerializedColumn {name: Timestamp.second}
#           year: !astropy.table.SerializedColumn {name: Timestamp.year}
# schema: astropy-2.0
Latitude Longitude Timestamp.year Timestamp.month Timestamp.day Timestamp.hour Timestamp.minute Timestamp.second Pressure "V component of wind" "Geopotential Height" Temperature "Relative humidity" "Total Cloud Cover" "U component of wind" Altitude Density "Exponential Density" "Wind Speed" "Wind Direction"
29.0 -18.0 2023 7 10 0 0 0.0 20.0 -0.34 26744.190000000002 221.92000000000002 0.2 "" -20.79 26896.73352135424 6.527506099783492e+17 0.025701895484736767 20.792779996912387 0.016352558606386774
29.0 -18.0 2023 7 10 0 0 0.0 50.0 -3.99 20902.850000000002 213.27 1.2000000000000002 100.0 -13.23 21002.43172643879 1.6980636677263004e+18 0.066819370126472 13.818574456144164 0.29291239752552334
29.0 -18.0 2023 7 10 0 0 0.0 100.0 8.76 16682.18 204.48000000000002 12.700000000000001 100.0 0.87 16750.32655347717 3.5421169641626373e+18 0.13932110800609834 8.803096046278265 4.6133985237881925
29.0 -18.0 2023 7 10 0 0 0.0 150.0 10.44 14233.460000000001 210.98000000000002 12.3 100.0 15.14 14285.996166523593 5.149483909602637e+18 0.20249069447263318 18.390573672400762 3.7452802452529825
29.0 -18.0 2023 7 10 0 0 0.0 200.0 8.0 12418.03 219.83 19.8 100.0 12.9 12460.238391292041 6.589565362616351e+18 0.2590685352535051 15.17926216915697 3.696700363010778
29.0 -18.0 2023 7 10 0 0 0.0 250.0 5.9 10954.58 228.79 17.6 100.0 8.1 10989.234985193742 7.914376467852358e+18 0.31110526218765455 10.020977996183806 3.771122615588919
29.0 -18.0 2023 7 10 0 0 0.0 300.0 4.3 9710.960000000001 238.23000000000002 16.2 100.0 4.800000000000001 9739.737827288503 9.120917728648486e+18 0.3584858925706872 6.444377394287209 3.8721009543930873
29.0 -18.0 2023 7 10 0 0 0.0 350.0 4.7 8617.3 246.34 9.1 100.0 6.7 8641.320605661853 1.029074559110139e+19 0.40441770335155214 8.18413098624405 3.7533196186456674
29.0 -18.0 2023 7 10 0 0 0.0 400.0 4.4 7640.1900000000005 253.75 7.2 100.0 7.9 7660.285881766605 1.1417412048582875e+19 0.4486484208654178 9.042676594902641 3.649765271425123
29.0 -18.0 2023 7 10 0 0 0.0 450.0 4.94 6754.26 260.02 7.9 100.0 9.0 6771.062939030003 1.2534860186692921e+19 0.49251256178731484 10.266625541043172 3.6435824039413958
29.0 -18.0 2023 7 10 0 0 0.0 500.0 7.83 5943.28 266.03000000000003 8.5 100.0 9.53 5957.289981635525 1.3612977424199832e+19 0.5348275126003231 12.33409096772032 3.8293757839707943
29.0 -18.0 2023 7 10 0 0 0.0 550.0 6.24 5192.650000000001 271.92 7.5 100.0 8.56 5204.263451365906 1.464992064789596e+19 0.5755213820859726 10.59297880673798 3.771499433718646
29.0 -18.0 2023 7 10 0 0 0.0 600.0 5.48 4493.22 277.16 11.200000000000001 100.0 6.53 4502.763557260965 1.5679580246037875e+19 0.6159260236992511 8.524746330536763 3.8397854068832875
29.0 -18.0 2023 7 10 0 0 0.0 650.0 3.5700000000000003 3837.59 281.77 15.200000000000001 100.0 4.96 3845.3362165643607 1.6708302869034482e+19 0.6562909363518287 6.111178282459121 3.765456352483122
29.0 -18.0 2023 7 10 0 0 0.0 700.0 2.14 3222.036 284.90000000000003 24.3 100.0 3.09 3228.220628366412 1.7795874123635778e+19 0.6989646002929445 3.758683280086259 3.747305582379108
29.0 -18.0 2023 7 10 0 0 0.0 750.0 1.46 2642.746 287.64 26.3 100.0 1.6300000000000001 2647.572394860044 1.888537955861432e+19 0.7417115281405761 2.188264152244879 3.8720300424658203
29.0 -18.0 2023 7 10 0 0 0.0 800.0 -0.24 2095.642 290.02 32.6 100.0 -0.24 2099.2847714167046 1.9979093216522342e+19 0.7846211660265835 0.33941125496954283 0.7853981633974483
29.0 -18.0 2023 7 10 0 0 0.0 850.0 -2.19 1577.8500000000001 291.26 41.6 100.0 -3.0 1580.461272747416 2.11374121165687e+19 0.830065460813609 3.7143101647546883 0.6305777572149348
29.0 -18.0 2023 7 10 0 0 0.0 900.0 -5.13 1088.489 291.24 49.2 100.0 -5.16 1090.2047049342898 2.2382326230901617e+19 0.8789078380419366 7.2761597013809425 0.7824827197626731
29.0 -18.0 2023 7 10 0 0 0.0 925.0 -6.09 853.82 291.14 60.300000000000004 100.0 -5.84 855.1335780979898 2.3011958888149275e+19 0.9036098557990451 8.437635924831078 0.8063506709385121
29.0 -18.0 2023 7 10 0 0 0.0 950.0 -5.72 625.725 290.19 96.0 100.0 -6.34 626.6646983150741 2.3711274440551965e+19 0.9310474659327563 8.538969492860364 0.7340337641358586
29.0 -18.0 2023 7 10 0 0 0.0 975.0 -5.49 402.741 292.03000000000003 90.5 100.0 -6.36 403.33137837038873 2.4181925655281197e+19 0.9495057457452701 8.401767671151113 0.7121119280341688
29.0 -18.0 2023 7 10 0 0 0.0 1000.0 -5.25 183.899 294.13 81.7 100.0 -6.41 184.16210297794294 2.4624896366639796e+19 0.9668767287911388 8.285565762215638 0.6862390217317615
