E_Einstein: -0.341620
E_diff: -7.731719
F: -8.073339
T: 800.000000
V: 17.717466
P: 0.000000
G: -8.073339
