E_Einstein: -0.800376
E_diff: -7.693442
F: -8.493818
T: 1400.000000
V: 17.980057
P: 0.000000
G: -8.493818
