E_Einstein: -0.718301
E_diff: -7.695916
F: -8.414217
T: 1300.000000
V: 17.954472
P: 0.000000
G: -8.414217
