E_Einstein: -0.678000
E_diff: -7.700152
F: -8.378152
T: 1250.000000
V: 17.931033
P: 0.000000
G: -8.378152
