packages/ctao-calibpipe/ctao_calibpipe-0.4.0rc4.tar.gz/ctao_calibpipe-0.4.0rc4/src/calibpipe/atmosphere/models/reference_atmospheres/reference_atmo_model_v0_ctao-north_winter.ecsv
# %ECSV 1.0
# ---
# datatype:
# - {name: altitude, unit: km, datatype: float64}
# - {name: atmospheric_density, unit: g / cm3, datatype: float64}
# - {name: atmospheric_thickness, unit: g / cm2, datatype: float64}
# - {name: refractive_index_m_1, datatype: float64}
# - {name: temperature, unit: K, datatype: float64}
# - {name: pressure, unit: hPa, datatype: float64}
# - {name: partial_water_pressure, datatype: float64}
# schema: astropy-2.0
altitude atmospheric_density atmospheric_thickness refractive_index_m_1 temperature pressure partial_water_pressure
0.0 0.0012185041751780303 1041.5012856867536 0.0002840761931934832 292.0017625194911 1021.3638583280001 0.014727097811776906
1.0 0.0011063840146394435 925.8756767344721 0.0002581237593646257 285.8977684115267 907.9738705248111 0.008738235604420004
2.0 0.0009961127685748682 821.2466945942845 0.00023252249318383988 281.66090475429246 805.3678897543039 0.0043536659360095915
3.0 0.0008974248920049423 727.0046003820928 0.00020953240736654166 276.7563649336599 712.9479664337049 0.0025861836469775927
4.0 0.0008097621310347463 642.0083518706632 0.00018908535368011847 270.8578829134449 629.5951203872439 0.001735129643850505
5.0 0.000730686481807709 565.3174310824269 0.00017063204359946127 264.3137127916392 554.387018552448 0.0012294337387991766
6.0 0.0006588683892363694 496.14289984883646 0.000153867417954201 257.2569939255413 486.5499768802591 0.0009119984634938353
7.0 0.0005931837510427642 433.82656442254574 0.00013853241959083107 249.85485903230315 425.43852779943575 0.0006423219953006991
8.0 0.0005328464968146671 377.7936483397711 0.000124445187741129 242.2215213354758 370.48900814912156 0.00040789786347314363
9.0 0.0004773012101627093 327.5377722864933 0.00011147528553490105 234.43729597830858 321.2048294593339 0.0002503178206010445
10.0 0.0004254753129494576 282.6299134666474 9.937412276728175e-05 226.92967832664235 277.1652640897697 0.00014389034414706757
11.0 0.00037603791910939484 242.76295992474667 8.782487141245632e-05 220.55012226240936 238.06913809460167 8.059607277727525e-05
12.0 0.0003284471684092972 207.73644846192738 7.67041268132651e-05 216.08529027841104 203.719864230916 5.116679233702539e-05
13.0 0.0002837365625144777 177.32834826696572 6.625676401128544e-05 213.5324185837687 173.89970465322392 3.3277245674825244e-05
14.0 0.00024395482227359126 151.1462782554979 5.696669221055828e-05 211.67865519324818 148.22386496542782 1.8873782498547133e-05
15.0 0.00020999921769076073 128.6331945460773 4.903735213712679e-05 209.27325265923082 126.1460717295289 1.0919318477966304e-05
16.0 0.00018056681463691257 109.26050852892011 4.216624761066434e-05 206.71607528996637 107.14795659651344 8.913628215751337e-06
17.0 0.00015443342867829213 92.64726725457255 3.6059159145729325e-05 204.96580489373414 90.85593234220538 8.754296293863896e-06
18.0 0.00013114120754744406 78.48873869931134 3.062109950868752e-05 204.474624959586 76.97115893656016 9.05375029369424e-06
19.0 0.00011074024598851591 66.50826745394464 2.5853215656068684e-05 205.21209615427844 65.22233010272262 9.65425851381244e-06
20.0 9.320498756708814e-05 56.419153748521296 2.175538663151677e-05 206.86730594139382 55.32828941079364 9.894197119684074e-06
21.0 7.839823357093511e-05 47.92253926730502 1.8306508648757713e-05 208.81332419726624 46.995956970571676 9.354462953225816e-06
22.0 6.60707288536366e-05 40.76134557406308 1.5432097649092924e-05 210.68848323999845 39.97322495738857 8.808831411683084e-06
23.0 5.582888220735434e-05 34.73671639298495 1.3037671837912157e-05 212.52033915899855 34.06508198152658 8.866182079853967e-06
24.0 4.726896700944729e-05 29.654104423028027 1.1034161185419222e-05 214.36444216961632 29.080742314008774 9.491562945820387e-06
25.0 4.004811155547144e-05 25.34282272337194 9.347319024577416e-06 216.25763444843417 24.852819246015542 9.732772853854965e-06
26.0 3.3960252145992406e-05 21.68582485387448 7.927426484366507e-06 218.19470061058695 21.266529430324812 9.284962774309173e-06
27.0 2.8820839136131493e-05 18.57518369863505 6.729492611823318e-06 220.1652507197194 18.21603252182194 8.380870437319076e-06
28.0 2.4487177849270556e-05 15.929456093950344 5.718957535538749e-06 222.16722538496535 15.621460060373813 7.5211853829684464e-06
29.0 2.0848455023816536e-05 13.68737200983565 4.869329274681533e-06 224.2049106886279 13.422726672025476 7.212579501996737e-06
30.0 1.779465817610155e-05 11.788168112767178 4.155158431107253e-06 226.28275209473296 11.560243882306823 7.92613456714699e-06
31.0 1.5215774880041533e-05 10.171081100842617 3.551833384962677e-06 228.40519516853476 9.974423247757823 9.472852698962341e-06
32.0 1.3013288061689508e-05 8.781660207629342 3.0374810684463682e-06 230.59689354996667 8.61186680751483 1.0359149616026291e-05
33.0 1.1132323149133469e-05 7.589420425968247 2.5984735014805693e-06 232.95922153351668 7.442678982032151 1.0000033191641105e-05
34.0 9.52870085114966e-06 6.569606096340651 2.2240552932650814e-06 235.60400844940176 6.442582762467904 9.187907908127479e-06
35.0 8.163831100094167e-06 5.69816577169976 1.9054892488323816e-06 238.5156716143378 5.587991736503944 8.980788416737719e-06
36.0 7.003715938875291e-06 4.951640045353826 1.6348802442944788e-06 241.5744227893564 4.855900085076909 9.359147280572014e-06
37.0 6.017684627502986e-06 4.309535969647099 1.4048460867943646e-06 244.674763767787 4.226211091673972 9.5609798647936e-06
38.0 5.182009882772352e-06 3.757775277289521 1.209779102451236e-06 247.7489469671015 3.685118692303128 9.415982762736383e-06
39.0 4.473876677380003e-06 3.283122484377048 1.0443844113972034e-06 250.73418461524105 3.2196433111416174 8.991827239287199e-06
40.0 3.870689136735367e-06 2.8724670197395668 9.035432129156362e-07 253.5670295463901 2.8169278699129023 8.355133038815948e-06
41.0 3.355619448729767e-06 2.515985994320797 7.833793143063872e-07 256.1666794621187 2.467339405120604 7.685645672123782e-06
42.0 2.9180435805030287e-06 2.2073925511614516 6.812662407540415e-07 258.4336659327095 2.1647126161847448 7.555226851928475e-06
43.0 2.547643940155555e-06 1.940574498619795 5.946979331206137e-07 260.2675984989898 1.9030534906889809 8.605727409544582e-06
44.0 2.2341029357877534e-06 1.7094196450540897 5.212546290156439e-07 261.5680867017866 1.6763680162169685 1.1090716951122545e-05
45.0 1.9671029755000256e-06 1.5078157988225998 4.5861030351090903e-07 262.23474008192693 1.4786621803523645 1.4338019343568031e-05
50.0 1.0603961018965945e-06 0.8188321190212764 2.475741966989631e-07 263.8 0.8029999999999999 0.0
55.0 5.796322648934855e-07 0.4280768662081343 1.3532864207022044e-07 252.30000000000004 0.41979999999999995 0.0
60.0 3.0949052630456727e-07 0.216247818232186 7.225775666697132e-08 238.7 0.21206666666666668 0.0
65.0 1.5826629671747742e-07 0.1054726469623504 3.695094186184633e-08 227.66666666666666 0.10343333333333334 0.0
70.0 7.782392706752385e-08 0.04987431997675047 1.816980166324811e-08 218.9333333333333 0.04891 0.0
75.0 3.673400346311593e-08 0.023089774115863562 8.576405141624832e-09 214.73333333333335 0.022643333333333335 0.0
80.0 1.712283714723228e-08 0.0105506637502783 3.997723485582583e-09 210.5 0.010346666666666667 0.0
85.0 7.94396301372885e-09 0.004724345214726742 1.8547023916681837e-09 203.16666666666663 0.004633 0.0
90.0 3.6274880500704837e-09 0.0020479300610640066 8.469211998374249e-10 192.86666666666667 0.0020083333333333338 0.0
95.0 1.563139397237209e-09 0.0008544202148542062 3.649511803871519e-10 186.73333333333332 0.0008378999999999999 0.0
100.0 6.523672390842793e-10 0.0003574785137296292 1.5231016448069568e-10 187.20000000000002 0.0003505666666666667 0.0
105.0 2.6918399659002767e-10 0.00015346729005317827 6.284728293337594e-11 194.76666666666665 0.00015050000000000003 0.0
110.0 1.0861869049357729e-10 7.086007963983624e-05 2.53594922838829e-11 222.86666666666662 6.949e-05 0.0
115.0 4.442239015644108e-11 3.841610879692182e-05 1.0371481451443287e-11 295.43333333333334 3.767333333333333e-05 0.0
120.0 2.2175094156007885e-11 2.4265846814831438e-05 5.17719200843203e-12 373.8333333333333 2.379666666666667e-05 0.0
