packages/ctao-calibpipe/ctao_calibpipe-0.4.0rc4.tar.gz/ctao_calibpipe-0.4.0rc4/src/calibpipe/atmosphere/models/reference_atmospheres/reference_atmo_model_v0_ctao-south_summer.ecsv
# %ECSV 1.0
# ---
# datatype:
# - {name: altitude, unit: km, datatype: float64}
# - {name: atmospheric_density, unit: g / cm3, datatype: float64}
# - {name: atmospheric_thickness, unit: g / cm2, datatype: float64}
# - {name: refractive_index_m_1, datatype: float64}
# - {name: temperature, unit: K, datatype: float64}
# - {name: pressure, unit: hPa, datatype: float64}
# - {name: partial_water_pressure, datatype: float64}
# schema: astropy-2.0
altitude atmospheric_density atmospheric_thickness refractive_index_m_1 temperature pressure partial_water_pressure
0.0 0.0011965766065573325 1034.5483815861069 0.00027875547382549826 295.4373410023359 1014.5453886281393 0.018606815990235528
1.0 0.0010783495918266109 919.9127009270547 0.0002514137010540818 291.45233599855595 902.1261888546301 0.01345897253092724
2.0 0.0009657436838125342 818.0234077921594 0.0002253605581128415 289.37222893401537 802.2069252024979 0.006568816220189853
3.0 0.0008708955498546312 726.7089119220032 0.00020330283429892404 285.06619368040674 712.6579951099912 0.0035732601026905206
4.0 0.0007884861042964171 644.135559896062 0.00018409108111216987 279.08602650093997 631.6811988454715 0.002427870087354275
5.0 0.0007130053017378077 569.4143933196865 0.0001664852755518531 272.83145154068455 558.4047660248503 0.0015821462294896076
6.0 0.0006440605318684064 501.8853096817202 0.00015039280098094743 266.22004059427866 492.1813572190241 0.0012270677014677202
7.0 0.0005806587358893706 440.9539968537251 0.0001355932934716808 259.4411446502584 432.42815132455826 0.0008733227897696921
8.0 0.0005224876789817981 386.08361024077743 0.0001220119884157711 252.4515159447495 378.6186836367719 0.0005996333667524091
9.0 0.00046918668264678417 336.7695613629525 0.00010956712638043875 245.2232653598513 330.25812189399977 0.00041165906116361317
10.0 0.0004202672359478142 292.5512000769018 9.814459753498816e-05 237.82149124127562 286.8947226234149 0.00027174170126974435
11.0 0.0003751227188633167 253.01957202399154 8.760394176388075e-05 230.4354195905821 248.12743859890764 0.00016946075867436017
12.0 0.00033337077444612484 217.81075635658163 7.785485299094397e-05 223.2093381994868 213.5993853824271 9.81094529802444e-05
13.0 0.0002946499548930942 186.61372232126888 6.881250102641623e-05 216.36736720483705 183.0055460001871 5.219338933767992e-05
14.0 0.00025862100588704265 159.1392472393843 6.039604830898604e-05 210.221864269528 156.0622898940108 2.7769893085344537e-05
15.0 0.000225406699136849 135.11805736336208 5.2635294730318805e-05 204.80319722104463 132.50554972424146 1.63861926464645e-05
16.0 0.00019502263336961515 114.26091806854272 4.554207124440879e-05 200.15900769694545 112.05168321768744 1.1604524217905232e-05
17.0 0.0001667966562580875 96.3125558413029 3.894467355447517e-05 197.29347245527904 94.45035257411129 9.457307956338332e-06
18.0 0.00014046456005119992 81.05908672754495 3.2799164557673066e-05 197.1525384383861 79.49180928566787 8.98645666788025e-06
19.0 0.00011690463334876389 68.30451077414308 2.7286468854637036e-05 199.68739609813994 66.98384305832502 1.013385801377011e-05
20.0 9.67988934307352e-05 57.772155406337724 2.257507035730022e-05 204.1383929778501 56.655130781556174 1.1260178555585996e-05
21.0 8.0267436543926e-05 49.03010886619188 1.875161505804357e-05 208.56875211233472 48.082111711264055 7.251155168881443e-06
22.0 6.71149356677343e-05 41.70281448752653 1.5710924351042266e-05 211.72956554669219 40.8964905694102 8.355517110453479e-07
23.0 5.6640517613794884e-05 35.56202096969921 1.3254540825791139e-05 214.00994850953452 34.87442929425007 6.764320086877022e-07
24.0 4.808320336877137e-05 30.396993879131045 1.1225266850489746e-05 215.9937809987204 29.809268002478042 8.375946019200698e-06
25.0 4.080409126481628e-05 26.016269228942907 9.513491678214692e-06 218.12642611470812 25.513244663401295 1.4219166470350214e-05
26.0 3.459638595363935e-05 22.296592918097467 8.070493925149691e-06 220.36295101899802 21.865488294026047 1.2414052242043269e-05
27.0 2.9348738010664693e-05 19.130397327757656 6.856296699941922e-06 222.55249782523097 18.76051109542546 4.128550676307265e-06
28.0 2.4945796868122407e-05 16.43116089179976 5.83436385803715e-06 224.63176708125314 16.11346439595681 -3.91091882023215e-06
29.0 2.1267259090339513e-05 14.138414178180879 4.9756277109569425e-06 226.6458446981376 13.86504794004575 -7.831360122820128e-06
30.0 1.8192513753650107e-05 12.193305144737426 4.253536429521532e-06 228.64654545565605 11.957547589763927 -4.631099136278543e-06
31.0 1.56009499343883e-05 10.536981749305815 3.6432354533211253e-06 230.68568413358003 10.333249207182986 5.229687484651608e-06
32.0 1.3378861038282425e-05 9.113279729871378 3.1222000285158202e-06 232.81139203763013 8.937074466294312 1.3091265770925762e-05
33.0 1.1467985910562688e-05 7.887619129444862 2.6766373242281816e-06 235.04222021656176 7.735112013577044 1.216277777746322e-05
34.0 9.836717160495318e-06 6.835818865774242 2.2968401003353733e-06 237.38262671551382 6.703648308004496 5.632011406365651e-06
35.0 8.45078029209548e-06 5.934380011997084 1.973457972814785e-06 239.84804007402565 5.81963877446512 3.2296013610698575e-06
36.0 7.2711344670916e-06 5.1608376831156715 1.697640741538109e-06 242.472467215372 5.06105288651263 6.91852082470069e-06
37.0 6.260892105692739e-06 4.494079526727306 1.4614167012094725e-06 245.2754227049938 4.407186499078033 1.1899663058528448e-05
38.0 5.396747523615077e-06 3.9195178058807714 1.2595987024521804e-06 248.19173504202152 3.843733929104066 1.4310024365444995e-05
39.0 4.659799846027815e-06 3.4246808128494033 1.087703060065337e-06 251.1287677826232 3.3584646093329598 1.2195266281331374e-05
40.0 4.0311556671824025e-06 2.9971018193101364 9.411635359946047e-07 253.99386827246863 2.9391528556337745 5.950988720274179e-06
41.0 3.4940722880439123e-06 2.625925114298681 8.159325790568772e-07 256.6935830347124 2.5751528522137153 3.056713930877592e-07
42.0 3.037269814482592e-06 2.3043869783222624 7.092845499823142e-07 259.1324244996507 2.2598316560964014 -5.394411596223021e-07
43.0 2.650322800080887e-06 2.026363728062168 6.187372763033494e-07 261.2145869412449 1.9871839853800857 7.236525046271443e-06
44.0 2.32280579842124e-06 1.7857316801996845 5.418797541789644e-07 262.8442646334561 1.7512045581630236 2.530435121821548e-05
45.0 2.0442933630860977e-06 1.5763671514161008 4.7638664479876525e-07 263.92565185024563 1.5458880925434701 5.009880814298263e-05
50.0 1.0484977575698857e-06 0.8232508892775141 2.4479623927931016e-07 268.2333333333333 0.8073333333333332 0.0
55.0 5.724463297376675e-07 0.4312039959279333 1.336509138916142e-07 257.3333333333333 0.42286666666666667 0.0
60.0 3.044940885596311e-07 0.21813429322619515 7.109122046600191e-08 244.7333333333333 0.21391666666666664 0.0
65.0 1.582763306500429e-07 0.10664532060727501 3.6953284210383686e-08 230.18333333333334 0.10458333333333333 0.0
70.0 7.961618018078245e-08 0.050549032204337534 1.858824472122933e-08 216.89999999999998 0.04957166666666666 0.0
75.0 3.806234513350243e-08 0.023417782831038125 8.886537283814278e-09 210.1833333333333 0.022965 0.0
80.0 1.7908710395710078e-08 0.010698522601160096 4.1812038276134444e-09 204.08333333333331 0.010491666666666665 0.0
85.0 8.38532452586553e-09 0.004788417383442187 1.9577484078325824e-09 195.08333333333337 0.004695833333333332 0.0
90.0 3.7526317880746825e-09 0.0020623760407478594 8.761389391764851e-10 187.75 0.0020224999999999996 0.0
95.0 1.588572542304213e-09 0.0008554569263374003 3.708890972120571e-10 183.96666666666667 0.0008389166666666666 0.0
100.0 6.496571929043949e-10 0.0003563738211655697 1.5167755940126426e-10 187.4 0.00034948333333333336 0.0
105.0 2.6050385749506887e-10 0.00015324635154036635 6.082068182422518e-11 200.96666666666664 0.00015028333333333335 0.0
110.0 1.0379805414679175e-10 7.13359472058926e-05 2.4234170226122842e-11 234.7833333333333 6.995666666666666e-05 0.0
115.0 4.3618572383609064e-11 3.899564751129762e-05 1.0183853760281636e-11 305.4166666666667 3.824166666666668e-05 0.0
120.0 2.201645095956556e-11 2.4728118164714766e-05 5.140332604014475e-12 383.7 2.4250000000000003e-05 0.0
