E_Einstein: -0.376293
E_diff: -7.728510
F: -8.104804
T: 850.000000
V: 17.736457
P: 0.000000
G: -8.104804
