E_Einstein: -0.638216
E_diff: -7.704453
F: -8.342669
T: 1200.000000
V: 17.907609
P: 0.000000
G: -8.342669
