E_Einstein: -0.307756
E_diff: -7.746734
F: -8.054490
T: 750.000000
V: 17.697600
P: 0.000000
G: -8.054490
