E_Einstein: -0.759099
E_diff: -7.696511
F: -8.455610
T: 1350.000000
V: 17.955259
P: 0.000000
G: -8.455610
