E_Einstein: -0.759099
E_diff: -7.691747
F: -8.450846
T: 1350.000000
V: 17.977925
P: 0.000000
G: -8.450846
