E_Einstein: -0.522192
E_diff: -7.715566
F: -8.237758
T: 1050.000000
V: 17.817649
P: 0.000000
G: -8.237758
