E_Einstein: -0.598970
E_diff: -7.709048
F: -8.308018
T: 1150.000000
V: 17.861399
P: 0.000000
G: -8.308018
