packages/ctao-calibpipe/ctao_calibpipe-0.4.0rc3-py3-none-any.whl/calibpipe/atmosphere/models/reference_atmospheres/reference_atmo_model_v0_ctao-south_winter.ecsv
# %ECSV 1.0
# ---
# datatype:
# - {name: altitude, unit: km, datatype: float64}
# - {name: atmospheric_density, unit: g / cm3, datatype: float64}
# - {name: atmospheric_thickness, unit: g / cm2, datatype: float64}
# - {name: refractive_index_m_1, datatype: float64}
# - {name: temperature, unit: K, datatype: float64}
# - {name: pressure, unit: hPa, datatype: float64}
# - {name: partial_water_pressure, datatype: float64}
# schema: astropy-2.0
altitude atmospheric_density atmospheric_thickness refractive_index_m_1 temperature pressure partial_water_pressure
0.0 0.0012042009655039037 1036.1004924659408 0.00028057671720604915 294.05654098259083 1016.0674894441119 0.01604022377836443
1.0 0.0010810778134324938 920.9878496538394 0.000252168922635132 291.05642055207807 903.1805495807822 0.00965224984105451
2.0 0.0009696592682801876 818.7297195189152 0.00022635432903106434 288.45511803716926 802.8995803920169 0.003699508020913401
3.0 0.000877131484919134 726.8193879521953 0.00020480229737374067 283.08702047223704 712.7663350861395 0.001848293718975892
4.0 0.0007952564531995066 643.544167279463 0.00018569827972170216 276.4597721501793 631.1012408051145 0.0013262064336967356
5.0 0.0007196841060374102 568.1224156295883 0.00016805906700811946 269.6877252970472 557.1377687233902 0.0010319141389017895
6.0 0.000650046091169601 499.9466472636252 0.00015180324748342855 262.7482784510409 490.28017883878294 0.0007851082242247527
7.0 0.0005860010354138508 438.4416387511684 0.00013685136743468718 255.60751595630163 429.9643696659145 0.0005645104294504966
8.0 0.0005270565567780849 383.06815477932696 0.0001230879892641923 248.30241904837834 375.66153200666866 0.000399524423062485
9.0 0.00047274256468484365 333.34478452347804 0.0001104052736446981 240.89615727644593 326.89956311471656 0.00028897951869434895
10.0 0.0004226744355763511 288.82587915322983 9.871322133481186e-05 233.44752653463664 283.2414307798021 0.00020922941152621847
11.0 0.00037620696704678447 249.1131486014218 8.786094761847885e-05 226.21917345039344 244.2965458732133 0.0001379478861116595
12.0 0.00033255157971035426 213.88471911721496 7.766461378277967e-05 219.72623763975074 209.74925807308358 7.823179540098092e-05
13.0 0.00029154166447302926 182.88356437416132 6.808625908871768e-05 214.30536390190773 179.34751065698688 4.2049372486229276e-05
14.0 0.0002535231876848102 155.82015994975234 5.920615158183651e-05 209.97329570053975 152.80737715712388 2.302609413849724e-05
15.0 0.00021885107303266178 132.38416283286287 5.110616143189084e-05 206.66061104926112 129.82451504448946 1.4051754323162918e-05
16.0 0.00018789972942116797 112.21249877136736 4.387681109307984e-05 204.02740693844635 110.04287010762296 1.0976935978124304e-05
17.0 0.00016025316211054218 94.9503578160554 3.7419020945339554e-05 202.4294777937083 93.11449264768196 9.846103029798525e-06
18.0 0.0001355000101801252 80.28819735233903 3.1642866757275456e-05 202.41026533091994 78.73582505653155 9.164510382462964e-06
19.0 0.00011370727306201428 67.95532986431444 2.653898178150982e-05 204.25997430528687 66.6414135613879 9.300924316505743e-06
20.0 9.496477514514429e-05 57.652138406353544 2.2151428175964938e-05 207.60904310757783 56.53743431026669 9.555914129518801e-06
21.0 7.935019268967547e-05 49.02578559385128 1.853490670300495e-05 210.98797524957402 48.07787202939416 7.700446253099166e-06
22.0 6.672145397797017e-05 41.7668271268405 1.56087125839921e-05 213.4426607634853 40.959265524343024 5.166025975388923e-06
23.0 5.650329659852709e-05 35.66218568963312 1.321499504469692e-05 215.25461482068056 34.97265732932406 5.235890602857631e-06
24.0 4.806949450115925e-05 30.510121443721353 1.1222513507824772e-05 216.85072107579836 29.920208245606997 8.256702874787634e-06
25.0 4.08833381948139e-05 26.126393617863858 9.534916654896364e-06 218.55760793911992 25.62123979726246 1.0418257318193777e-05
26.0 3.474825283874279e-05 22.39325236923426 8.107029594306425e-06 220.32096555865814 21.960278834675112 9.736485948171906e-06
27.0 2.9548441240226976e-05 19.209174187431074 6.901722189978088e-06 221.9981316066336 18.83776480451709 6.909113629637253e-06
28.0 2.5168292368013057e-05 16.490567639124286 5.884233235775582e-06 223.53314970338226 16.171722513821816 4.360485767775616e-06
29.0 2.1492442977641687e-05 14.177709452301393 5.0262743922502295e-06 224.98547182648534 13.903583440041144 3.303403777191971e-06
30.0 1.8405546997711016e-05 12.212530556528552 4.30208648483088e-06 226.42254841994142 11.976401278218072 4.425317638096237e-06
31.0 1.579225835681922e-05 10.536961881371925 3.6875708162575904e-06 227.91182992774924 10.333229723395597 7.286068879048973e-06
32.0 1.3543885408556008e-05 9.095643790286742 3.1608595874033085e-06 229.51917260444122 8.919779517601548 9.330266587330806e-06
33.0 1.1604692015536269e-05 7.854778156693093 2.7086471197090844e-06 231.29774624181763 7.702906021033431 8.997900552567287e-06
34.0 9.944188777059804e-06 6.790868769636629 2.3217240607831258e-06 233.29423741456534 6.659567321975704 7.449487782357542e-06
35.0 8.529242038088462e-06 5.880591023176038 1.9914081137439865e-06 235.53171532804214 5.766889795742928 7.061051016524633e-06
36.0 7.3224945321766e-06 5.1007827345373675 1.70943344190988e-06 237.99769533394277 5.002159100365087 8.103877141137576e-06
37.0 6.289142542523577e-06 4.429986415485806 1.4681013649209262e-06 240.67666104182916 4.3443326281423875 9.29667415570571e-06
38.0 5.406102670936623e-06 3.8535717010334083 1.2619950409131775e-06 243.55274594511556 3.779062892193927 9.836141984367504e-06
39.0 4.6532485218079076e-06 3.3586306896989058 1.086271879779943e-06 246.60999520392195 3.2936915653135777 9.339433590414134e-06
40.0 4.010503980345653e-06 2.9322876235187643 9.361513886307904e-07 249.83154112869312 2.8755918423180282 7.920235976945352e-06
41.0 3.4613015144248425e-06 2.5639097114210205 8.078562090396701e-07 253.13681750468163 2.514336517150695 6.4860835586970746e-06
42.0 2.99481523946649e-06 2.2465346830459416 6.990070000600923e-07 256.34101816739604 2.2030979349492483 6.2111067392398515e-06
43.0 2.6007504144925023e-06 1.9735398175398569 6.071749794056558e-07 259.2496940089527 1.9353814251677237 8.818911890790786e-06
44.0 2.268812298524787e-06 1.7383023940490923 5.298583760637854e-07 261.66839592146795 1.704692317260153 1.5685126773662592e-05
45.0 1.9887061505852487e-06 1.534199691719974 4.6456535751637773e-07 263.40267479705807 1.5045359406805683 2.591172006938063e-05
50.0 1.1315502705772251e-06 0.8800150917999521 2.64186801768318e-07 265.68333333333334 0.8629999999999999 0.0
55.0 6.182355081015516e-07 0.4626792363685187 1.4434146833330885e-07 255.66666666666666 0.4537333333333333 0.0
60.0 3.350854446261673e-07 0.23553744992768513 7.823348635582761e-08 240.13333333333333 0.23098333333333335 0.0
65.0 1.7470702197468677e-07 0.11541488003888521 4.078941162610761e-08 225.68333333333334 0.11318333333333336 0.0
70.0 8.720570935251793e-08 0.0543508741517236 2.0360196639757078e-08 212.9166666666666 0.053300000000000014 0.0
75.0 4.0579184763888916e-08 0.024736615799822913 9.474151907440387e-09 208.24999999999994 0.024258333333333333 0.0
80.0 1.8357556893240962e-08 0.010990841248880442 4.285997334818603e-09 204.5333333333333 0.010778333333333336 0.0
85.0 8.059647029193904e-09 0.004683046708101136 1.8817114533220547e-09 198.49999999999997 0.004592499999999999 0.0
90.0 3.44670829182894e-09 0.0019216552033569064 8.047140731548552e-10 190.46666666666667 0.0018845 0.0
95.0 1.4104058589183628e-09 0.0007684581381001668 3.292919270592165e-10 186.1333333333333 0.0007536 0.0
100.0 5.747399057199037e-10 0.0003139876172461205 1.3418643973750477e-10 186.63333333333335 0.0003079166666666667 0.0
105.0 2.4255327247130444e-10 0.00013749173604985732 5.662958990626521e-11 193.65 0.00013483333333333332 0.0
110.0 1.0300397706077306e-10 6.693587174689283e-05 2.404876298101044e-11 221.99999999999997 6.564166666666666e-05 0.0
115.0 4.339095313309094e-11 3.7721002245075206e-05 1.0130563055099628e-11 296.9833333333333 3.6991666666666674e-05 0.0
120.0 2.1782832111326256e-11 2.407889884245215e-05 5.085709631202917e-12 377.6333333333334 2.3613333333333337e-05 0.0
