E_Einstein: -0.522192
E_diff: -7.717804
F: -8.239996
T: 1050.000000
V: 17.837436
P: 0.000000
G: -8.239996
