packages/ctao-calibpipe/ctao_calibpipe-0.4.0rc3.tar.gz/ctao_calibpipe-0.4.0rc3/src/calibpipe/atmosphere/models/reference_atmospheres/reference_atmo_model_v0_ctao-north_intermediate.ecsv
# %ECSV 1.0
# ---
# datatype:
# - {name: altitude, unit: km, datatype: float64}
# - {name: atmospheric_density, unit: g / cm3, datatype: float64}
# - {name: atmospheric_thickness, unit: g / cm2, datatype: float64}
# - {name: refractive_index_m_1, datatype: float64}
# - {name: temperature, unit: K, datatype: float64}
# - {name: pressure, unit: hPa, datatype: float64}
# - {name: partial_water_pressure, datatype: float64}
# schema: astropy-2.0
altitude atmospheric_density atmospheric_thickness refractive_index_m_1 temperature pressure partial_water_pressure
0.0 0.001208857126142005 1038.5960568149271 0.000281739338562792 293.5195353015056 1018.5148020564103 0.016898583348628586
1.0 0.0010952994353418091 923.9828050072649 0.0002554381915578219 288.22494912506426 906.1175974724493 0.011028919784604057
2.0 0.000982681462744694 820.7170791904482 0.00022933454584772583 285.34833884750367 804.8485144643009 0.005322361790058763
3.0 0.0008867678330800565 727.7235939085159 0.00020700748298807525 280.3720899087592 713.6530582202947 0.003405281555488295
4.0 0.0008017509668380049 643.679060762142 0.00018718799712735823 274.28469420926785 631.2335261223059 0.0024177204918462056
5.0 0.0007242529410428288 567.719958513882 0.0001691099589729017 267.8038552658558 556.7430931160161 0.0016902554942948278
6.0 0.0006534787989638311 499.1453782403364 0.0001525924110445942 260.96049045551894 489.4944023520594 0.0011946382385074998
7.0 0.0005888277558135901 437.32590450987277 0.00013749976611632242 253.74815726678182 428.8702081461743 0.0008724352174561309
8.0 0.0005296828596317028 381.6743404238981 0.00012369136422063498 246.18951849549023 374.294667051802 0.0005895275518288307
9.0 0.00047522555476260577 331.6855386778434 0.00011097687174643767 238.46340971645853 325.27239878750726 0.0003710006383659587
10.0 0.0004247554203679251 286.9274826633013 9.919377687461761e-05 230.79253381488172 281.3797397860063 0.0002204789813882006
11.0 0.00037743177083289427 247.0383587613244 8.814400305756642e-05 223.6177910223505 242.26187209467415 0.00012483053043478557
12.0 0.00033236393920776035 211.74629483771733 7.761974727227283e-05 217.65709185539512 207.65218022703004 7.055721758887207e-05
13.0 0.000289491444539311 180.84576217285732 6.760380748449535e-05 213.42995478298928 177.34910936124507 4.2695343383702885e-05
14.0 0.0002500493070751712 154.06161520809863 5.838909996880304e-05 210.50738195896142 151.08283387805002 2.63246998721651e-05
15.0 0.00021505781179310807 130.98776351212305 5.0215766126626704e-05 208.10467817867982 128.45511510461614 1.6294510506074832e-05
16.0 0.00018424549569655876 111.18094745265508 4.3025339042879196e-05 206.1504652012672 109.03126383365797 1.171717735148518e-05
17.0 0.00015691524670788596 94.26900469950034 3.66341614028709e-05 205.2806307993219 92.4463134936355 1.0059250971500196e-05
18.0 0.00013274750792415134 79.91816735984217 3.098895818043346e-05 205.72698636994966 78.37294959393961 9.351666773519143e-06
19.0 0.00011186748232554873 67.80319795352737 2.612112459532412e-05 207.06165492397776 66.49222312109592 8.973957997997918e-06
20.0 9.421558946194017e-05 57.60523973061809 2.1997874041002063e-05 208.88772329620184 56.49144242042657 8.768028902198707e-06
21.0 7.939475846585721e-05 49.015493216770366 1.853767831083708e-05 210.91213984926745 48.06777865542411 8.488124545701574e-06
22.0 6.699834352298677e-05 41.76323480163542 1.564444508450613e-05 212.9368769505879 40.9557426567458 8.154458923827542e-06
23.0 5.666228570618612e-05 35.650984086810304 1.3230651257023496e-05 214.93235166592592 34.961672309491824 8.080363619288802e-06
24.0 4.802750528827575e-05 30.489823851263438 1.1213084039285448e-05 216.88867437404582 29.900303107099255 8.393572104241469e-06
25.0 4.0763595131943715e-05 26.105476336598425 9.51675779914396e-06 218.79932787433546 25.600726951630293 8.604646115986366e-06
26.0 3.464771932308628e-05 22.378586793119762 8.088888742152633e-06 220.67044730813515 21.94589681747479 8.540656381153733e-06
27.0 2.94832255200354e-05 19.203170929240102 6.883655139455769e-06 222.5111402630526 18.83187761932324 8.254589261873172e-06
28.0 2.5112245644613116e-05 16.493120158495923 5.86421518700142e-06 224.3307504804413 16.174225680231405 7.866658060167726e-06
29.0 2.1428125704338583e-05 14.18857148925788 5.004463600855047e-06 226.13893353942277 13.914235459513078 7.6085677462171996e-06
30.0 1.832771941875077e-05 12.231459521071253 4.279965880149561e-06 227.94536637724846 11.99496425123134 7.72666651153502e-06
31.0 1.5707880507388617e-05 10.56371885348132 3.6671994412262876e-06 229.7597259311696 10.359469349449256 8.256645653519029e-06
32.0 1.346989975871864e-05 9.129750233776543 3.144260754206485e-06 231.59594179416874 8.953226513006472 8.667055711908868e-06
33.0 1.1552667285684298e-05 7.894852324224343 2.696742690488918e-06 233.5039801828038 7.742205354535464 8.603258778731793e-06
34.0 9.914040486750868e-06 6.834857578088941 2.3143656602275797e-06 235.55189673173174 6.702705606816591 8.283369364423479e-06
35.0 8.5144172415889e-06 5.926376284435853 1.987740838371721e-06 237.8033663560463 5.811789798976285 8.14574761378256e-06
36.0 7.318234888659003e-06 5.147194805464239 1.708357503238389e-06 240.31444595684317 5.047673793900588 8.292782567393919e-06
37.0 6.292529576476036e-06 4.476463730418544 1.4686183578138667e-06 243.1160994760861 4.3899113041909015 8.475638708798052e-06
38.0 5.415174867071248e-06 3.89946802287267 1.2637057784647965e-06 246.1198494692933 3.824071808650427 8.485482282419392e-06
39.0 4.66736050888432e-06 3.403369729778846 1.0892984769750313e-06 249.20067011245158 3.3375655760535716 8.25095242604853e-06
40.0 4.030288753546852e-06 2.975341050656176 9.40850552799688e-07 252.2335594177033 2.917812831441738 7.762330766035895e-06
41.0 3.487414895941563e-06 2.604423846065655 8.143065632904012e-07 255.0999232122255 2.554067311001975 7.12394203990131e-06
42.0 3.027117836328281e-06 2.283745771705438 7.068511000962729e-07 257.6951704066004 2.239589547209513 6.813071445794497e-06
43.0 2.6384269601697373e-06 2.0069742806528783 6.158772418718428e-07 259.9165599375297 1.9681694329364547 7.512727920819927e-06
44.0 2.3103716529286577e-06 1.7677768259853313 5.388575090581327e-07 261.6613507417152 1.7335968610549048 9.717470813910489e-06
45.0 2.031981300067771e-06 1.5598208607801514 4.733592764427641e-07 262.8268017558585 1.529661724436967 1.3146747676193438e-05
50.0 1.0920155016868193e-06 0.8512930851344072 2.5495648103834867e-07 266.31666666666666 0.8348333333333332 0.0
55.0 6.007429330105349e-07 0.44753645060579644 1.4025741879031273e-07 254.5 0.4388833333333333 0.0
60.0 3.2272651310940683e-07 0.22724375806213135 7.534800583464119e-08 240.55000000000004 0.22285 0.0
65.0 1.6571230525291365e-07 0.11159094424021798 3.868938547313405e-08 230.05 0.10943333333333335 0.0
70.0 8.25634729867834e-08 0.053072829831457904 1.9276358731445953e-08 219.60000000000002 0.052046666666666665 0.0
75.0 3.927246216211367e-08 0.024507179651902876 9.169067283210097e-09 213.1833333333334 0.02403333333333333 0.0
80.0 1.8356015976681902e-08 0.011091113343156602 4.2856376225586246e-09 206.4166666666666 0.010876666666666666 0.0
85.0 8.360445119240519e-09 0.004808471802297421 1.9519397209677436e-09 196.48333333333335 0.0047155 0.0
90.0 3.6822036228424974e-09 0.00201971791250495 8.596958700479718e-10 187.38333333333335 0.0019806666666666666 0.0
95.0 1.5410474677496897e-09 0.0008230979318455675 3.5979330625934836e-10 182.46666666666667 0.0008071833333333333 0.0
100.0 6.22054539296693e-10 0.0003392595840577568 1.4523315883252508e-10 186.31666666666672 0.0003327 0.0
105.0 2.5015006330390854e-10 0.00014700908737098466 5.840328221040636e-11 200.76666666666665 0.00014416666666666666 0.0
110.0 1.0170392497049315e-10 7.003071045328083e-05 2.3745228006077923e-11 235.23333333333332 6.867666666666665e-05 0.0
115.0 4.357625277397904e-11 3.898545034916784e-05 1.017386175306001e-11 305.63333333333327 3.8231666666666675e-05 0.0
120.0 2.2228942783451303e-11 2.486917890751004e-05 5.189848550912757e-12 382.2 2.4388333333333335e-05 0.0
