E_Einstein: -0.376293
E_diff: -7.736780
F: -8.113073
T: 850.000000
V: 17.744130
P: 0.000000
G: -8.113073
