E_Einstein: -0.598970
E_diff: -7.708780
F: -8.307750
T: 1150.000000
V: 17.884201
P: 0.000000
G: -8.307750
