E_Einstein: -0.484713
E_diff: -7.718749
F: -8.203462
T: 1000.000000
V: 17.796564
P: 0.000000
G: -8.203462
