E_Einstein: -0.307756
E_diff: -7.734974
F: -8.042730
T: 750.000000
V: 17.698996
P: 0.000000
G: -8.042730
