E_Einstein: -0.638216
E_diff: -7.705935
F: -8.344150
T: 1200.000000
V: 17.884068
P: 0.000000
G: -8.344150
