E_Einstein: -0.560287
E_diff: -7.712330
F: -8.272617
T: 1100.000000
V: 17.839260
P: 0.000000
G: -8.272617
