name: axbu_dev_win
channels:
  - conda-forge
dependencies:
  - bzip2=1.0.8=h0ad9c76_8
  - ca-certificates=2025.10.5=h4c7d964_0
  - cachetools=6.2.0=pyhd8ed1ab_0
  - chardet=5.2.0=pyhd8ed1ab_3
  - colorama=0.4.6=pyhd8ed1ab_1
  - distlib=0.4.0=pyhd8ed1ab_0
  - filelock=3.20.0=pyhd8ed1ab_0
  - libexpat=2.7.1=hac47afa_0
  - libffi=3.4.6=h537db12_1
  - liblzma=5.8.1=h2466b09_2
  - libmpdec=4.0.0=h2466b09_0
  - libsqlite=3.50.4=hf5d6505_0
  - libzlib=1.3.1=h2466b09_2
  - openssl=3.5.4=h725018a_0
  - packaging=25.0=pyh29332c3_1
  - pip=25.2=pyh145f28c_0
  - platformdirs=4.5.0=pyhcf101f3_0
  - pluggy=1.6.0=pyhd8ed1ab_0
  - pyproject-api=1.9.1=pyhe01879c_0
  - python=3.14.0=h6fd79ff_100_cp314
  - python-uv=0.9.0=pyhcf101f3_0
  - python_abi=3.14=8_cp314
  - tk=8.6.13=h2c6b04d_2
  - tomli=2.2.1=pyhe01879c_2
  - tox=4.30.3=pyhcf101f3_0
  - tox-uv=1.28.0=pyhd8ed1ab_0
  - typing_extensions=4.15.0=pyhcf101f3_0
  - tzdata=2025b=h78e105d_0
  - ucrt=10.0.26100.0=h57928b3_0
  - uv=0.9.0=ha1006f7_0
  - vc=14.3=h41ae7f8_31
  - vc14_runtime=14.44.35208=h818238b_31
  - vcomp14=14.44.35208=h818238b_31
  - virtualenv=20.35.0=pyhd8ed1ab_0
  - zstd=1.5.7=hbeecb71_2

