E_Einstein: -0.411727
E_diff: -7.725242
F: -8.136969
T: 900.000000
V: 17.755969
P: 0.000000
G: -8.136969
