E_Einstein: -0.274753
E_diff: -7.751827
F: -8.026580
T: 700.000000
V: 17.674366
P: 0.000000
G: -8.026580
