E_Einstein: -0.678000
E_diff: -7.702755
F: -8.380755
T: 1250.000000
V: 17.907266
P: 0.000000
G: -8.380755
