E_Einstein: -0.718301
E_diff: -7.699590
F: -8.417890
T: 1300.000000
V: 17.930996
P: 0.000000
G: -8.417890
