# Outlier detector configuration for expected std of the number of photoelectrons
NpeStdOutlierDetector:
  n_events: 2500
  relative_qe_dispersion: 0.7
  linear_noise_coeff: [1.79717813, 1.72458305]
  linear_noise_offset: [0.0231544, -0.00162036639]
  quadratic_noise_coeff: [0.000499670969, 0.00142218]
  quadratic_noise_offset: [0.0000249034290, 0.0001207]
  std_range_factors: [-5, 5]
