packages/ctao-calibpipe/ctao_calibpipe-0.4.0-py3-none-any.whl/calibpipe/atmosphere/models/reference_atmospheres/reference_atmo_model_v0_ctao-north_summer.ecsv
# %ECSV 1.0
# ---
# datatype:
# - {name: altitude, unit: km, datatype: float64}
# - {name: atmospheric_density, unit: g / cm3, datatype: float64}
# - {name: atmospheric_thickness, unit: g / cm2, datatype: float64}
# - {name: refractive_index_m_1, datatype: float64}
# - {name: temperature, unit: K, datatype: float64}
# - {name: pressure, unit: hPa, datatype: float64}
# - {name: partial_water_pressure, datatype: float64}
# schema: astropy-2.0
altitude atmospheric_density atmospheric_thickness refractive_index_m_1 temperature pressure partial_water_pressure
0.0 0.0012030096457124554 1037.8481662749068 0.0002803051499187248 294.7092586265978 1017.7813719799813 0.019563464735992436
1.0 0.0010755442782433378 924.3496456316198 0.0002508182264973069 293.6498280399802 906.4773452333325 0.010635562752679018
2.0 0.000964836764913128 823.0464436123675 0.00022516304754782723 291.44270233690554 807.1328406251223 0.005385484698798638
3.0 0.0008743862697697302 731.56759274534 0.00020409512542851616 285.8354079376859 717.4227333396087 0.004182609851145805
4.0 0.000794260897081781 648.5340244105537 0.00018541836279517554 278.94861091856643 635.9946190485756 0.003371520734405898
5.0 0.0007202617139025703 573.1502395028436 0.00016816398433205926 271.85007821493986 562.0683796220561 0.002545483503487041
6.0 0.0006505554599916311 504.9140515678418 0.00015190708664447605 265.147278444815 495.1515383807775 0.0015925723325622993
7.0 0.0005857940713928297 443.38618868145545 0.00013679510853181753 258.58143112159775 434.8133167232994 0.0008985094430058597
8.0 0.0005265104079627092 388.04302731437326 0.0001229551249397609 251.79095161368193 380.5402153812498 0.0005042407993751354
9.0 0.0004724947099841816 338.3486685591087 0.00011034083720318222 244.64984287567034 331.8066970525183 0.00031161923145561396
10.0 0.0004228832073080712 293.82093032241636 9.875487553778761e-05 237.3807557205536 288.13990263463245 0.00019866739474402048
11.0 0.00037697694554989874 254.0535845282709 8.803427211012682e-05 230.24815224669896 249.14145847141677 0.00011769770056195416
12.0 0.0003343671839760255 218.69613980810846 7.80849070367573e-05 223.45731295617782 214.46764994491863 6.421407467508307e-05
13.0 0.00029495529077450166 187.426008750388 6.888326344034468e-05 217.0858534633564 183.80212687119922 3.704881369047239e-05
14.0 0.0002582976021062202 159.9451944027189 6.032211694106948e-05 211.54461790498559 156.85265406894231 2.3373566586375972e-05
15.0 0.0002244081565430163 135.98431915708517 5.240165682218745e-05 207.03367581650514 133.3550623461829 1.547541051095872e-05
16.0 0.0001932421521183573 115.25366048186743 4.512646966414735e-05 203.7552010053114 113.02523095645053 1.1873143821370013e-05
17.0 0.0001646101654895475 97.50291376596266 3.842957943334113e-05 202.40618421934957 95.61769492829777 1.0674505605069886e-05
18.0 0.00013866300932334293 82.48125443951264 3.236084547197926e-05 203.32599317469635 80.88647938492466 1.0048981805531954e-05
19.0 0.00011604333709208019 69.86617422195803 2.7096931728642915e-05 205.67958542858372 68.51531174337647 8.907210434131813e-06
20.0 9.714259911459603e-05 59.32049068920152 2.268273867822579e-05 208.6135437469596 58.1735290017258 8.075846243628686e-06
21.0 8.152323490140158e-05 50.488487133151764 1.9035148780766065e-05 211.57306577566993 49.51229223443227 8.016200393633297e-06
22.0 6.863493617689847e-05 43.044445112081064 1.6031270596350566e-05 214.1738416970193 42.21218076583897 7.778841504825082e-06
23.0 5.801769696471858e-05 36.773027541871386 1.3552516520576319e-05 216.43183146797352 36.0620210543493 7.546903820748044e-06
24.0 4.9230297082802546e-05 31.481860225255403 1.1495370509262415e-05 218.44626408425967 30.873158457800084 7.829230980595613e-06
25.0 4.185413496721659e-05 26.986513406209685 9.770455059454619e-06 220.310674082103 26.464729169500618 8.155170271424333e-06
26.0 3.5630338760008315e-05 23.15865992777418 8.317785304301495e-06 222.07838247376813 22.710887238070665 8.12004656662733e-06
27.0 3.0368884799264148e-05 19.894166407468177 7.090749382987482e-06 223.78538865757903 19.509512699979776 7.799171183142354e-06
28.0 2.590363907706115e-05 17.101519987707032 6.049926978501929e-06 225.46579721086755 16.770862098744715 7.368423891954322e-06
29.0 2.212686210413998e-05 14.720174264842038 5.168876451966398e-06 227.14919561683897 14.435559695431317 7.043409198047276e-06
30.0 1.8939680531365323e-05 12.694284525143738 4.424078338338688e-06 228.8644855205344 12.448840533850083 7.046509672322808e-06
31.0 1.624322100960186e-05 10.968006054882657 3.7930080207804195e-06 230.64056856699477 10.755939657811501 7.466160013242025e-06
32.0 1.3939869083362227e-05 9.486149697773575 3.2542159047466157e-06 232.50610897791648 9.302734993367123 7.943733156988126e-06
33.0 1.1961205799295326e-05 8.208729590354897 2.792236237558754e-06 234.48426479599144 8.050013803725385 7.985719589418084e-06
34.0 1.0268142202574163e-05 7.111033203260696 2.3972904623636992e-06 236.59266261496788 6.97354137627565 7.65693333799259e-06
35.0 8.82319699018885e-06 6.169388376931417 2.0601455357205367e-06 238.85418153740338 6.0501032526634475 7.417340307385804e-06
36.0 7.590077966445596e-06 5.3614928875854275 1.7721274123694286e-06 241.3120018973904 5.257828422603962 7.498247865874481e-06
37.0 6.533531540141711e-06 4.665775348688289 1.5251396994209188e-06 244.00677914501864 4.575562582321401 7.724101294274327e-06
38.0 5.628134227758736e-06 4.065997718322102 1.3135824266097273e-06 246.8863805405878 3.987381652438344 7.811536040461168e-06
39.0 4.855285752920272e-06 3.549623899272691 1.133228206828818e-06 249.83426784044792 3.480991921180253 7.682933001791203e-06
40.0 4.1965232731654675e-06 3.104192359372072 9.79657281519053e-07 252.73260553700771 3.0441728001036124 7.328155614224844e-06
41.0 3.6342991374283905e-06 2.717973955256771 8.485951787928769e-07 255.4649846688248 2.6654219288318814 6.802577692554279e-06
42.0 3.156163387430059e-06 2.3833190105979627 7.370190551192479e-07 257.9229422560877 2.337237537528051 6.407520804487624e-06
43.0 2.751430526746699e-06 2.093989872951558 6.423715877001968e-07 260.00076565763345 2.053502578758039 6.649460602034267e-06
44.0 2.409416766458876e-06 1.8437502563166703 5.621634435737377e-07 261.5927448938558 1.8081013451107872 7.958152029176568e-06
45.0 2.119438317647149e-06 1.6263638746924087 4.939924256319728e-07 262.5931699851484 1.594918129175231 1.0281449262949281e-05
50.0 1.1403237362335573e-06 0.8851136728648419 2.6623517457302626e-07 265.1666666666667 0.868 0.0
55.0 6.227730611270897e-07 0.4646166971731767 1.454008666801343e-07 254.86666666666667 0.45563333333333333 0.0
60.0 3.347037763986704e-07 0.23660815195131202 7.814437674724672e-08 241.50000000000003 0.23203333333333337 0.0
65.0 1.7502979310466475e-07 0.1154658658495341 4.0864770012305485e-08 225.36666666666667 0.11323333333333335 0.0
70.0 8.63909142316245e-08 0.05377983307245593 2.0169963921290446e-08 212.66666666666663 0.05273999999999999 0.0
75.0 4.014672831823956e-08 0.024204663842052755 9.373184894911901e-09 205.96666666666664 0.023736666666666663 0.0
80.0 1.8309468456678276e-08 0.010645837263489569 4.274770093459779e-09 198.6333333333333 0.010439999999999998 0.0
85.0 8.314682230880044e-09 0.004601639363765065 1.941255378667961e-09 189.0666666666667 0.004512666666666667 0.0
90.0 3.5353481772480565e-09 0.0018806966021356264 8.25409074423078e-10 181.73333333333335 0.0018443333333333337 0.0
95.0 1.4268645004858823e-09 0.0007472140503297933 3.331346309920491e-10 178.9 0.0007327666666666667 0.0
100.0 5.563942333464196e-10 0.0003047251949782376 1.2990319930850092e-10 187.10000000000002 0.00029883333333333335 0.0
105.0 2.2024574689418043e-10 0.0001339907103852998 5.14215336977486e-11 207.83333333333334 0.00013140000000000002 0.0
110.0 9.110571681681853e-11 6.562213735917295e-05 2.1270762928793374e-11 246.06666666666666 6.435333333333333e-05 0.0
115.0 4.074659427800162e-11 3.704629001748813e-05 9.513279053408041e-12 310.59999999999997 3.633e-05 0.0
120.0 2.094799992206864e-11 2.36098293844823e-05 4.8907544680787396e-12 385.0333333333333 2.3153333333333334e-05 0.0
