[natural_abundance]
C = [0.9893, 0.0107]
H = [0.999885, 0.000115]
N = [0.99636, 0.00364]
O = [0.99757, 0.00038, 0.00205]
P = [1]
S = [0.9499, 0.0075, 0.0425, 0, 0.0001]
Si = [0.92223, 0.04685, 0.03092]

[tolerance]
diff = 0.001
negative = 0.001
