E_Einstein: -0.447880
E_diff: -7.727187
F: -8.175066
T: 950.000000
V: 17.790744
P: 0.000000
G: -8.175066
