E_Einstein: -0.560287
E_diff: -7.713328
F: -8.273615
T: 1100.000000
V: 17.860809
P: 0.000000
G: -8.273615
