E_Einstein: -0.447880
E_diff: -7.722030
F: -8.169909
T: 950.000000
V: 17.776004
P: 0.000000
G: -8.169909
