E_Einstein: -0.341620
E_diff: -7.741776
F: -8.083397
T: 800.000000
V: 17.720854
P: 0.000000
G: -8.083397
