E_Einstein: -0.800376
E_diff: -7.687688
F: -8.488065
T: 1400.000000
V: 18.001392
P: 0.000000
G: -8.488065
