E_Einstein: -0.274753
E_diff: -7.738218
F: -8.012972
T: 700.000000
V: 17.681046
P: 0.000000
G: -8.012972
