accessions,allele,functional,start,end,sense,l-part2
IMGT000024;,TRAV1-1*01,functional,10390,10664,forward,gcactgca
IMGT000024;,TRAV1-2*03,functional,31409,31683,forward,gcactaca
IMGT000024;,TRAV2*01,functional,100678,100940,forward,ttgcagaaagc
IMGT000024;,TRAV3*01,functional,112133,112418,forward,gtgggctgaga
IMGT000024;,TRAV4*01,functional,124803,125079,forward,gtactttgagc
IMGT000024;,TRAV5*01,functional,137526,137802,forward,gtatgagtaga
IMGT000024;,TRAV6*07,functional,156898,157177,forward,gggtgaag
IMGT000024;,TRAV7*01,functional,171327,171600,forward,gggcaaatgga
IMGT000024;,TRAVA*02,pseudo,179707,179991,forward,gaagcagt
IMGT000024;,TRAV8-1*01,functional,185700,185983,forward,gagatgccaga
IMGT000024;,TRAV9-1*01,functional,199794,200074,forward,ggggaatcaat
IMGT000024;,TRAV10*02,functional,213893,214172,forward,gggggaatggc
IMGT000024;,TRAV11*01,pseudo,217892,218168,forward,gggtgaataga
IMGT000024;,TRAV12-1*01,functional,229598,229871,forward,gggtttggagccaa
IMGT000024;,TRAV8-2*03,functional,235035,235318,forward,gaggaaccaga
IMGT000024;,TRAV8-3*01,functional,240820,241103,forward,gaactgccaga
IMGT000024;,TRAVB*02,pseudo,249840,250109,forward,caggggtgaga
IMGT000024;,TRAV13-1*01,functional,257183,257462,forward,tggtgaat
IMGT000024;,TRAV14-1*02,pseudo,262868,263151,forward,aatctggttt
IMGT000024;,TRAV11-1*01,pseudo,266577,266856,forward,gggtgaacaga
IMGT000024;,TRAV12-2*01,functional,276323,276599,forward,gggtttggagccaa
IMGT000024;,TRAV8-4*01,functional,282844,283127,forward,gaggaaccaga
IMGT000024;,TRAV8-5*01,pseudo,291339,>291422,forward,gaactgtcaga
IMGT000024;,TRAV13-2*01,functional,306574,306853,forward,gggtgagcaga
IMGT000024;,TRAV14/DV4*01,functional,312459,312748,forward,gacctggcatt
IMGT000024;,TRAV9-2*02,functional,329474,329754,forward,gaagaacccgt
IMGT000024;,TRAV15*01,pseudo,338469,338751,forward,gggtgaacagc
IMGT000024;,TRAV12-3*01,functional,353882,354158,forward,gggtttggagccaa
IMGT000024;,TRAV8-6*01,functional,366934,367217,forward,gaggaaccaga
IMGT000024;,TRAV16*01,functional,378764,379035,forward,gaggaacaaga
IMGT000024;,TRAV17*01,functional,385989,386265,forward,gggtgaac
IMGT000024;,TRAV18*01,functional,391493,391770,forward,gaaggaccagt
IMGT000024;,TRAV19*01,functional,395989,396278,forward,tatccagcatg
IMGT000024;,TRAVC*01,pseudo,422022,422309,forward,gatctagccaa
IMGT000024;,TRAV20*02,functional,428977,429250,forward,ggttgagtgga
IMGT000024;,TRAV21*01,functional,440875,441153,forward,gggtgagcagc
IMGT000024;,TRAV8-6-1*01,pseudo,454128,454413,forward,gaaaaaccact
IMGT000024;,TRAV22*01,functional,459035,459305,forward,gtgtgaga
IMGT000024;,TRAV23/DV6*05,functional,474779,475058,forward,gggtgagtggccaacagaaggagaaaagtgac
IMGT000024;,TRDV1*01,functional,484430,484716,forward,gatcaagtgtg
IMGT000024;,TRAV24*01,functional,493667,493943,forward,gcgtgagcagc
IMGT000024;,TRAV25*01,functional,500856,501128,forward,aggtgaat
IMGT000024;,TRAV26-1*02,functional,512106,512382,forward,gaactataatt
IMGT000024;,TRAV8-7*02,pseudo,520842,521125,forward,gaaccaga
IMGT000024;,TRAV27*03,functional,536457,536730,forward,gggtgagc
IMGT000024;,TRAV28*02,pseudo,543467,543735,forward,gggtaaaagcg
IMGT000024;,TRAV29/DV5*04,functional,551688,551967,forward,gggtaaacagtcaacagaagaatgat
IMGT000024;,TRAV30*05,functional,556812,557085,forward,gggtgagaagc
IMGT000024;,TRAV31*02,pseudo,565676,565961,forward,catgtca
IMGT000024;,TRAV32*01,pseudo,573879,574154,forward,tggccaagaa
IMGT000024;,TRAV33*01,pseudo,578533,578810,forward,gatccagcatg
IMGT000024;,TRAV26-2*01,functional,591190,591465,forward,gtattatgggt
IMGT000024;,TRAV34*01,functional,595950,596226,forward,gggtcagt
IMGT000024;,TRAV35*03,pseudo,610297,610572,forward,gggtcagt
IMGT000024;,TRAV36/DV7*05,functional,615075,615351,forward,gggtgagcagt
IMGT000024;,TRAV37*01,pseudo,654083,654361,forward,ggtcaaatgga
IMGT000024;,TRAV38-1*01,functional,660371,660660,forward,aatccggcatg
IMGT000024;,TRAV38-2/DV8*01,functional,669557,669845,forward,aatttagcatg
IMGT000024;,TRAV39*01,functional,692374,692650,forward,ggttaagtgga
IMGT000024;,TRAV40*01,functional,702754,703016,forward,gaggaaccagc
IMGT000024;,TRAV41*01,functional,708519,708788,forward,gtgtaagtgccgcc
IMGT000024;,TRAV46*01,pseudo,785753,786019,forward,atggctcctgc
