E_Einstein: -0.411727
E_diff: -7.731966
F: -8.143693
T: 900.000000
V: 17.767427
P: 0.000000
G: -8.143693
