E_Einstein: -0.484713
E_diff: -7.722454
F: -8.207167
T: 1000.000000
V: 17.814080
P: 0.000000
G: -8.207167
